5 -458 -4829 -11 5714 1597 -6408 -10 -7279
6 67 -222 433 10 13 40 13 -2448
7 23 17 -37 24 16 -84 -10 -35
8 703 891 -2614 594 -464 -5943 10 -16189
9 10 11 -60 33 63 -65 -49 30
10 -431 877 -3495 1981 10 -3577 -2409 -6454
11 -10 21 -82 33 19 -67 -58 124
12 -14 10 -93 17 28 -103 -58 -137
13 -13 15 -54 33 -10 -54 -34 54
14 -11 11 -57 -10 33 -53 -32 61
15 -16 16 -36 -10 32 -34 -25 -15
16 -10 11 -57 14 22 -44 -28 48
17 -10 13 -61 11 15 -46 -29 -44
18 -18 18 -43 11 10 -29 -20 29
19 -5488 7056 -21186 10 8071 -12076 -8456 -12314
20 -513 763 -1605 10 580 -1331 -702 564
21 -3227 4432 -8929 2963 10 -6803 -4404 -4451
22 -25 20 -53 10 12 -39 -24 21
23 -29 79 -95 -10 68 -77 -51 -18
24 -118 106 -215 10 71 -152 -90 33
25 -83 108 -184 65 10 -99 -81 36
26 -12152 14376 -27051 9153 10 -13503 -9998 1875
27 -4854 5445 -8569 3296 10 -7177 -4260 -846
28 -927 936 -1233 395 10 -966 -628 -40
29 -297 205 -286 39 82 -253 -160 10
30 -235 232 -309 60 106 -237 -142 10
31 -1998 1930 -2985 1139 10 -2131 -1338 72
32 -4134 7491 -10805 10 3878 -5197 -4230 1065
33 -68 78 -88 25 10 -75 -47 -11
34 -124 156 -141 41 41 -154 -89 10
35 -114 151 -163 21 40 -126 -87 -10
36 -1253 3432 -2219 10 1013 -1686 -1489 -24
37 -152 227 -293 43 99 -178 -113 -10
38 -213 446 -282 29 159 -278 -185 10
39 -95 278 -136 43 40 -96 -97 10
40 -88 143 -119 30 24 -101 -68 -10
41 -302 688 -496 10 293 -484 -270 15
42 -595 1667 -1142 327 323 -951 -641 -10
43 -15323 34103 -24412 8296 5548 -15155 -13820 -10
44 -32 113 -81 45 10 -57 -43 -15
45 -59 203 -33 50 19 -75 -44 -10
46 -64 156 -123 36 37 -66 -60 -10
47 -26 139 -78 13 40 -54 -44 10
48 -35 187 -45 60 10 -72 -52 34
49 -155 617 -261 205 69 -258 -149 -10
50 -167 640 -233 194 83 -128 -164 -10
51 -445 1206 -728 597 161 -390 -294 10
52 10 11307 -1677 4797 -423 -2166 -1492 40
53 -10 10493 -2752 5713 -1024 -1631 -1907 13
54 68 4004 10 1958 -346 -281 -495 -190
55 127 2072 120 968 -109 -201 -307 10
56 313 1113 -10 576 -55 -107 -129 118
57 234 714 39 354 -25 -50 -77 10
58 60780 116690 3685 67494 -6520 -6351 -9335 -10
59 13924 21566 506 13526 -1469 -1115 -1347 10
60 1230 1266 88 821 -54 -22 -33 -10
61 1975 1420 -45 975 -68 -25 -10 100
62 24645 10273 -893 8837 -641 237 165 -10
63 6365 1432 -286 1370 10 85 195 22
