7 0.9041365880021766 -0.5743408031529801 0.009078726178839447
8 0.8351635239957478 -1.4764320203023014 0.009691625379892514
9 0.9966573522088719 -1.3206787516537195 0.007159424454801604
10 1.014449407642415 -1.0629468115500265 0.006059506316228742
11 1.0078256180538674 -1.0771806872394656 0.004888445155494618
12 1.0014187785036706 -1.6430177740693996 0.0005191543180334616
13 1.0458447693975736 -1.855011116681062 0.005273813420343184
14 1.0367865744056823 -1.4386700161826522 0.005446382139757474
15 0.9532380403474288 -1.385500132073063 0.005994231294441364
16 0.9999166890951149 -1.500387270623433 0.0010628310305564243
17 0.9994512931938779 -1.5042882781655766 0.0010769762142139349
18 1.001767173190986 -2.012119446987782 0.0008625573865560818
19 1.0345334221357538 -1.2374513653367623 0.005769423620541011
20 1.0443962847194384 -1.7306469531711164 0.005374357174283296
21 0.9257605214168741 -0.9980053860098499 0.0071831530784710745
22 0.9476549821796053 -0.3233448600052711 0.006912374043945187
23 0.9275519272039278 -0.8030491254976475 0.008560863848160719
24 1.0560977242063103 -0.8677460122990999 0.007057471549345826
25 1.069552602281078 -0.6205699634573345 0.00766766658437267
26 1.0775291446274353 -1.0428436511443195 0.007243840193199105
27 0.9532699778642256 -0.22364967222030518 0.007429029378855354
28 0.9387536270587605 -0.1725070572183811 0.009473557583281576
29 0.9681327891089502 -0.5987201869801675 0.009685354783797707
30 1.068434990655389 -0.9723417233151286 0.007155620746211166
31 1.0759858408613843 -0.5348199806213074 0.007893861669261953
32 1.0595945634719681 -0.7306988050433354 0.007639552960001717
33 0.9800525022559828 -0.08284865809628084 0.008760265987018095
34 0.9800112065410619 -0.3755901799377721 0.009833248105381989
35 0.9718242289657173 0.4318869148882758 0.009727838214643013
36 1.0243577389684801 -0.6917376543086491 0.008932958004129788
37 1.0210427449776929 -0.23722472240308345 0.008507743053668526
38 1.0278141019824276 -0.5321503728915897 0.008206183407390304
39 1.0627788414808814 -0.8318661321018261 0.009225847547052232
40 1.0829729192484998 0.1912487052839178 0.009012685316411738
41 1.0611543820873206 -0.8974274734510086 0.009153685826810453
42 1.0556252943505393 0.5363081277346744 0.009372927198498918
43 1.0624467787899194 -1.1321585932665608 0.008815519593361586
44 1.0624895037446107 -0.004054332224811219 0.007744148576634333
45 1.0585504176409337 1.8881992421276812 0.009305227906404544
46 1.071521990080876 -2.140251358815404 0.009786406943225042
47 1.0929446936092129 1.4499134734108852 0.009590555734048586
48 1.0254944902655685 0.6229150373207917 0.007437728688922714
49 1.0670637469677675 -0.9168045292605447 0.00818851776970265
50 1.0744126971940071 -0.07497224482748566 0.00850217670070948
51 0.9958053622962494 0.7564042285479502 0.008799134703903581
52 1.0000689810595293 -0.22940253012835488 0.008024569503967736
53 1.0228457698971307 -0.21172739750596037 0.008399027369687714
54 0.9569437001492825 2.478490604499663 0.00680382157692596
55 1.5139256432512351 -3.868982334231509 0.13305128989107587
56 1.2350656181280584 2.1183538808282893 0.08389694974450194
