12 67 13 -319 -24 247 -234 -109 -10
15 21 359 -1074 -897 759 -1049 -539 10
18 -389 963 -3365 -954 2129 -2434 -1390 -10
21 -374 726 -2389 507 1219 -1694 -900 -10
24 -318 511 -1427 153 600 -839 -487 -10
27 -136 333 -858 128 373 -554 -281 10
30 -185 886 -1541 125 546 -809 -484 -10
33 -177 641 -691 119 344 -567 -352 10
36 -894 4522 -4934 645 1985 -2871 -1987 10
39 -413 1323 -874 285 420 -874 -570 10
42 -67 1010 -390 49 237 -368 -275 10
45 -115 340 -223 101 67 -167 -135 10
48 -1622 13103 -3136 2375 1764 -3779 -3427 -10
51 -75 502 -32 70 117 -95 -101 -10
54 -156 1460 10 331 253 -78 -126 48
57 102 458 21 143 47 -41 -54 10
60 160 276 22 111 31 -13 -21 10
63 4677 1849 -131 1120 293 -60 -49 10
